22
1 0 0 0 0 0 0 -1 -1 -1 0 
2 0 0 0 0 0 0 -1 -1 -1 0 
3 0 0 0 0 0 0 -1 -1 -1 0 
4 0 0 0 0 0 0 -1 -1 -1 0 
5 0 0 0 0 0 0 -1 -1 -1 0 
6 0 0 0 0 0 0 -1 -1 -1 0 
7 0 0 0 0 0 0 -1 -1 -1 0 
8 0 0 0 0 0 0 -1 -1 -1 0 
9 0 0 0 0 0 0 -1 -1 -1 0 
10 0 0 0 0 0 0 -1 -1 -1 0 
11 0 0 0 0 0 0 -1 -1 -1 0 
12 0 0 0 0 0 0 -1 -1 -1 0 
13 0 0 0 0 0 0 -1 -1 -1 1 
14 0 0 0 0 0 0 -1 -1 -1 1 
15 0 0 0 0 0 0 -1 -1 -1 1 
16 0 0 0 0 0 0 -1 -1 -1 1 
17 0 0 0 0 0 0 -1 -1 -1 1 
18 0 0 0 0 0 0 -1 -1 -1 1 
19 0 0 0 0 0 0 -1 -1 -1 1 
20 0 0 0 0 0 0 -1 -1 -1 1 
21 0 0 0 0 0 0 -1 -1 -1 1 
10
80
1
1000000
1e+06
0
0
1
4
0
