SD 5
GRD SUBSTRATE G 0 0 0 n 0 -1 0 0 0 0 0 0 0 -1 -10001 0 0
GRD D0 D 0 0 1 n 0 -1 0 0 0.141 4 0 0 0 0 -10001 0 0
GRD DIFF d 1 1 2 n 1 0.0666667 0 0.141 0.191 0 0.044 0.08 0 -1 -10001 0 0
GRD GOX D 0 0 3 n 0 -1 0 0.141 0.1425 4 0 0 0 0 -10001 0 0
GRD CTM1 C 2 2 4 n 4 0.0666667 0 0.1425 0.2105 0 0.03 0.045 0 -1 -10001 0 0
GRD CPO C 3 2 5 n 4 0.0666667 0 0.1425 0.2105 0 0.04 0.04 0 -1 -10001 0 0
GRD GATE C 4 2 6 n 2 0.0666667 0 0.1425 0.2105 0 0.014 0.07 0 -1 -10001 0 0
GRD POLY C 5 2 7 n 3 0.0666667 0 0.1425 0.2105 0 0.014 0.07 0 -1 -10001 0 0
GRD D1 D 0 0 8 n 0 -1 0 0.1425 0.4425 3.9 0 0 0 0 -10001 0 0
GRD M1 C 6 4 9 n 0 10 0 0.4425 0.5205 0 0.03 0.05 0 -1 -10001 0 0
GRD D2 D 0 0 10 n 0 -1 0 0.4425 1.1625 3.9 0 0 0 0 -10001 0 0
GRD M2 C 7 5 11 n 0 10 0 1.1625 1.2405 0 0.03 0.06 0 -1 -10001 0 0
GRD D3 D 0 0 12 n 0 -1 0 1.1625 1.8825 3.9 0 0 0 0 -10001 0 0
GRD M3 C 8 6 13 n 0 10 0 1.8825 1.9605 0 0.03 0.06 0 -1 -10001 0 0
GRD D4 D 0 0 14 n 0 -1 0 1.8825 2.6025 3.9 0 0 0 0 -10001 0 0
GRD M4 C 9 7 15 n 0 10 0 2.6025 2.6805 0 0.03 0.06 0 -1 -10001 0 0
GRD D5 D 0 0 16 n 0 -1 0 2.6025 3.3225 3.9 0 0 0 0 -10001 0 0
GRD M5 C 10 8 17 n 0 10 0 3.3225 3.4005 0 0.03 0.06 0 -1 -10001 0 0
GRD D6 D 0 0 18 n 0 -1 0 3.3225 4.0425 3.9 0 0 0 0 -10001 0 0
GRD M6 C 11 9 19 n 0 10 0 4.0425 4.1205 0 0.03 0.06 0 -1 -10001 0 0
GRD D7 D 0 0 20 n 0 -1 0 4.0425 4.7625 3.9 0 0 0 0 -10001 0 0
GRD M7 C 12 10 21 n 0 10 0 4.7625 4.8405 0 0.03 0.06 0 -1 -10001 0 0
GRD D8 D 0 0 22 n 0 -1 0 4.7625 5.4825 3.9 0 0 0 0 -10001 0 0
GRD M8 C 13 11 23 n 0 10 0 5.4825 5.5605 0 0.03 0.06 0 -1 -10001 0 0
GRD D9 D 0 0 24 n 0 -1 0 5.4825 6.2025 3.9 0 0 0 0 -10001 0 0
GRD M9 C 14 12 25 n 0 3.57143 0 6.2025 6.3605 0 0.03 0.06 0 -1 -10001 0 0
GRD PASS2 D 0 0 26 n 0 -1 0 6.2025 9.2025 3.9 0 0 0 0 -10001 0 0
GRD MRDL C 15 13 27 n 0 2.85714 0 9.2025 9.4325 0 2 2 0 -1 -10001 0 0
GRD PASS1 D 0 0 28 n 0 -1 0 9.2025 12.2025 3.9 0 0 0 0 -10001 0 0
GRD SUBCONT V 0 0 0 n 0 6.94444e+06 0 0 0.141 0 0 0 0 0 -10001 0 0
GRD DIFFVIA0 V 2 2 1 n 0 3.77929 0 0.2105 0.4425 0 0 0 0 0 -10001 0 0
GRD POLYVIA0 V 3 2 2 n 0 4.19921 0 0.2105 0.4425 0 0 0 0 0 -10001 0 0
GRD VIA1 V 6 4 3 n 0 400 0 0.5205 1.1625 0 0 0 0 0 -10001 0 0
GRD VIA1_BAR V 6 4 4 n 0 200 0 0.5205 1.1625 0 0 0 0 0 -10001 0 0
GRD VIA1_LRG V 6 4 5 n 0 200 0 0.5205 1.1625 0 0 0 0 0 -10001 0 0
GRD VIA2 V 7 5 6 n 0 800 0 1.2405 1.8825 0 0 0 0 0 -10001 0 0
GRD VIA2_BAR V 7 5 7 n 0 400 0 1.2405 1.8825 0 0 0 0 0 -10001 0 0
GRD VIA2_LRG V 7 5 8 n 0 200 0 1.2405 1.8825 0 0 0 0 0 -10001 0 0
GRD VIA3 V 8 6 9 n 0 800 0 1.9605 2.6025 0 0 0 0 0 -10001 0 0
GRD VIA3_BAR V 8 6 10 n 0 400 0 1.9605 2.6025 0 0 0 0 0 -10001 0 0
GRD VIA3_LRG V 8 6 11 n 0 200 0 1.9605 2.6025 0 0 0 0 0 -10001 0 0
GRD VIA4 V 9 7 12 n 0 800 0 2.6805 3.3225 0 0 0 0 0 -10001 0 0
GRD VIA4_BAR V 9 7 13 n 0 400 0 2.6805 3.3225 0 0 0 0 0 -10001 0 0
GRD VIA4_LRG V 9 7 14 n 0 200 0 2.6805 3.3225 0 0 0 0 0 -10001 0 0
GRD VIA5 V 10 8 15 n 0 800 0 3.4005 4.0425 0 0 0 0 0 -10001 0 0
GRD VIA5_BAR V 10 8 16 n 0 400 0 3.4005 4.0425 0 0 0 0 0 -10001 0 0
GRD VIA5_LRG V 10 8 17 n 0 200 0 3.4005 4.0425 0 0 0 0 0 -10001 0 0
GRD VIA6 V 11 9 18 n 0 800 0 4.1205 4.7625 0 0 0 0 0 -10001 0 0
GRD VIA6_BAR V 11 9 19 n 0 400 0 4.1205 4.7625 0 0 0 0 0 -10001 0 0
GRD VIA6_LRG V 11 9 20 n 0 200 0 4.1205 4.7625 0 0 0 0 0 -10001 0 0
GRD VIA7 V 12 10 21 n 0 800 0 4.8405 5.4825 0 0 0 0 0 -10001 0 0
GRD VIA7_BAR V 12 10 22 n 0 400 0 4.8405 5.4825 0 0 0 0 0 -10001 0 0
GRD VIA7_LRG V 12 10 23 n 0 200 0 4.8405 5.4825 0 0 0 0 0 -10001 0 0
GRD VIA8 V 13 11 24 n 0 591.716 0 5.5605 6.2025 0 0 0 0 0 -10001 0 0
GRD VIARDL V 14 12 25 n 0 5 0 6.3605 9.2025 0 0 0 0 0 -10001 0 0

DB DIFF C 1 1 1 15 0 0 0 0 0 F 0 0 0 0 DIFF
DB PO C 2 2 2 15 0 0 0 0 0 F 0 0 0 0 POLY
DB M1 C 3 3 3 0.1 0 0 0 0 0 F 0 0 0 0 M1
DB M2 C 4 4 4 0.1 0 0 0 0 0 F 0 0 0 0 M2
DB M3 C 5 5 5 0.1 0 0 0 0 0 F 0 0 0 0 M3
DB M4 C 6 6 6 0.1 0 0 0 0 0 F 0 0 0 0 M4
DB M5 C 7 7 7 0.1 0 0 0 0 0 F 0 0 0 0 M5
DB M6 C 8 8 8 0.1 0 0 0 0 0 F 0 0 0 0 M6
DB M7 C 9 9 9 0.1 0 0 0 0 0 F 0 0 0 0 M7
DB M8 C 10 10 10 0.1 0 0 0 0 0 F 0 0 0 0 M8
DB M9 C 11 11 11 0.28 0 0 0 0 0 F 0 0 0 0 M9
DB MRDL C 12 12 12 0.35 0 0 0 0 0 F 0 0 0 0 MRDL
DB VIA1 V 13 4 3 0.0025 0 0 0 0 0 F 0 0 0 0 VIA1
DB VIA2 V 14 5 4 0.00125 0 0 0 0 0 F 0 0 0 0 VIA2
DB VIA3 V 15 6 5 0.00125 0 0 0 0 0 F 0 0 0 0 VIA3
DB VIA4 V 16 7 6 0.00125 0 0 0 0 0 F 0 0 0 0 VIA4
DB VIA5 V 17 8 7 0.00125 0 0 0 0 0 F 0 0 0 0 VIA5
DB VIA6 V 18 9 8 0.00125 0 0 0 0 0 F 0 0 0 0 VIA6
DB VIA7 V 19 10 9 0.00125 0 0 0 0 0 F 0 0 0 0 VIA7
DB VIA8 V 20 11 10 0.00169 0 0 0 0 0 F 0 0 0 0 VIA8
DB VIARDL V 21 12 11 0.2 0 0 0 0 0 F 0 0 0 0 VIARDL


